Presicion: 0.529411764706
Recall: 0.391304347826
ROC Area: 0.739843193158
