Presicion: 0.413333333333
Recall: 0.469696969697
ROC Area: 0.921267527087
