Presicion: 0.438596491228
Recall: 0.574712643678
ROC Area: 0.996764853953
