Presicion: 0.965517241379
Recall: 0.954545454545
ROC Area: 0.994241400491
