Presicion: 0.411764705882
Recall: 0.777777777778
ROC Area: 0.986489325937
