Presicion: 0.988505747126
Recall: 0.977272727273
ROC Area: 0.995162776413
FPR: 0.0045045045045
