Presicion: 0.5
Recall: 0.357142857143
ROC Area: 0.757142857143
