Presicion: 0.615384615385
Recall: 0.444444444444
ROC Area: 0.742320261438
