Presicion: 0.625
Recall: 0.769230769231
ROC Area: 0.992406031469
