Presicion: 0.789473684211
Recall: 0.833333333333
ROC Area: 0.933333333333
