Presicion: 0.404255319149
Recall: 0.826086956522
ROC Area: 0.989094403075
