Presicion: 0.805825242718
Recall: 0.943181818182
ROC Area: 0.91292997543
