Presicion: 0.743243243243
Recall: 0.625
ROC Area: 0.819743038493
