Presicion: 0.702702702703
Recall: 0.245283018868
ROC Area: 0.77591489483
FPR: 0.0166163141994
