Presicion: 0.585365853659
Recall: 0.489795918367
ROC Area: 0.762817322051
