Presicion: 0.911764705882
Recall: 0.738095238095
ROC Area: 0.99568016729
