Presicion: 0.177777777778
Recall: 0.615384615385
ROC Area: 0.958533653846
