Presicion: 1.0
Recall: 0.826086956522
ROC Area: 0.970064148254
