Presicion: 0.875
Recall: 0.777777777778
ROC Area: 0.995469718646
