Presicion: 0.31746031746
Recall: 0.666666666667
ROC Area: 0.996737213404
