Presicion: 0.740740740741
Recall: 0.869565217391
ROC Area: 0.925873129009
