Presicion: 1.0
Recall: 0.897959183673
ROC Area: 0.984569437531
