Presicion: 0.106382978723
Recall: 0.166666666667
ROC Area: 0.827292576419
