Presicion: 0.869565217391
Recall: 0.869565217391
ROC Area: 0.969351389879
