Presicion: 0.901098901099
Recall: 0.931818181818
ROC Area: 0.989301801802
FPR: 0.0405405405405
