Presicion: 0.914893617021
Recall: 0.767857142857
ROC Area: 0.997055631482
