Presicion: 0.363636363636
Recall: 0.444444444444
ROC Area: 0.974050260548
