Presicion: 1.0
Recall: 0.857142857143
ROC Area: 0.997785714286
