Presicion: 0.689655172414
Recall: 0.235294117647
ROC Area: 0.73797926814
FPR: 0.0191082802548
