Presicion: 0.764705882353
Recall: 0.764705882353
ROC Area: 0.994685163499
