Presicion: 0.916666666667
Recall: 0.897959183673
ROC Area: 0.982578397213
