Presicion: 0.666666666667
Recall: 0.347826086957
ROC Area: 0.754098360656
