Presicion: 0.714285714286
Recall: 0.357142857143
ROC Area: 0.783333333333
