Presicion: 0.775510204082
Recall: 0.431818181818
ROC Area: 0.804233210483
