Presicion: 0.368932038835
Recall: 0.447058823529
ROC Area: 0.901307710335
