Presicion: 0.447826086957
Recall: 0.575418994413
ROC Area: 0.937101417496
