Presicion: 0.0666666666667
Recall: 0.046511627907
ROC Area: 0.488889821733
