Presicion: 0.611111111111
Recall: 0.224489795918
ROC Area: 0.788286046126
