Presicion: 0.846153846154
Recall: 0.785714285714
ROC Area: 0.885230654762
FPR: 0.09375
