Presicion: 0.835164835165
Recall: 0.844444444444
ROC Area: 0.949737237237
