Presicion: 0.272727272727
Recall: 0.1
ROC Area: 0.551817042607
FPR: 0.0300751879699
