Presicion: 0.808510638298
Recall: 0.791666666667
ROC Area: 0.996317693744
