Presicion: 0.837837837838
Recall: 0.756097560976
ROC Area: 0.997928215078
