Presicion: 0.75
Recall: 0.857142857143
ROC Area: 0.904761904762
