Presicion: 0.4
Recall: 0.222222222222
ROC Area: 0.743781094527
FPR: 0.044776119403
