Presicion: 0.7
Recall: 0.233333333333
ROC Area: 0.748679867987
FPR: 0.029702970297
