Presicion: 0.814814814815
Recall: 0.785714285714
ROC Area: 0.896851503759
FPR: 0.131578947368
