Presicion: 0.642857142857
Recall: 0.25
ROC Area: 0.805065359477
