Presicion: 0.939393939394
Recall: 0.861111111111
ROC Area: 0.97614379085
