Presicion: 0.448275862069
Recall: 0.565217391304
ROC Area: 0.981143406197
