Presicion: 0.761904761905
Recall: 0.842105263158
ROC Area: 0.928421052632
FPR: 0.1
