Presicion: 0.96511627907
Recall: 0.943181818182
ROC Area: 0.993345618346
