Presicion: 0.905405405405
Recall: 0.744444444444
ROC Area: 0.998288554948
