Presicion: 0.454545454545
Recall: 0.729166666667
ROC Area: 0.977200046685
