Presicion: 0.377358490566
Recall: 0.634920634921
ROC Area: 0.996518283119
