Presicion: 0.864583333333
Recall: 0.943181818182
ROC Area: 0.981572481572
