Presicion: 0.857142857143
Recall: 0.285714285714
ROC Area: 0.710663683818
FPR: 0.0201342281879
