Presicion: 0.365079365079
Recall: 0.676470588235
ROC Area: 0.973639762184
