Presicion: 1.0
Recall: 0.931818181818
ROC Area: 0.990453521704
FPR: 0.990453521704
