Presicion: 0.923076923077
Recall: 0.857142857143
ROC Area: 0.959523809524
